	AA	AC	AG	AT	CA	CC	CG	CT	GA	GC	GG	GT	TA	TC	TG	TT
G.gallus	0.0835	0.0610	0.0610	0.0835	0.0610	0.0445	0.0445	0.0610	0.0610	0.0445	0.0445	0.0610	0.0835	0.0610	0.0610	0.0835
E.coli		0.0605	0.0625	0.0625	0.0605	0.0625	0.0646	0.0646	0.0626	0.0625	0.0646	0.0646	0.0625	0.0605	0.0625	0.0625	0.0605
D.melanogaster	0.0841	0.0609	0.0609	0.0841	0.0609	0.0441	0.0441	0.0609	0.0609	0.0441	0.0441	0.0609	0.0841	0.0609	0.0609	0.0841
A.thaliana	0.1022	0.0576	0.0576	0.1022	0.0576	0.0325	0.0325	0.0576	0.0576	0.0325	0.0325	0.0576	0.1022	0.0576	0.0576	0.1022
S.cerevisiae	0.0957	0.0590	0.0590	0.0957	0.0510	0.0364	0.0364	0.0590	0.0590	0.0364	0.0364	0.0590	0.0957	0.0590	0.0590	0.0957
C.elegans	0.1042	0.0572	0.0572	0.1042	0.0572	0.0314	0.0314	0.0572	0.0572	0.0314	0.0314	0.0572	0.1042	0.0574	0.0572	0.1042
M.musculus	0.0851	0.0608	0.0608	0.0851	0.0608	0.0434	0.0434	0.0608	0.0608	0.0434	0.0434	0.0608	0.0851	0.0608	0.0608	0.0851
P.dumerilii	0.0939	0.0593	0.0593	0.0939	0.0593	0.0375	0.0375	0.0593	0.0593	0.0375	0.0375	0.0593	0.0939	0.0593	0.0593	0.0939
D.rerio		0.1005	0.0580	0.0580	0.1005	0.0580	0.0335	0.0335	0.0580	0.0580	0.0335	0.0335	0.0580	0.1005	0.0580	0.0580	0.1005
B.subtilis	0.0797	0.0615	0.0615	0.0797	0.0615	0.0473	0.0473	0.0615	0.0615	0.0473	0.0473	0.0615	0.0797	0.0615	0.0615	0.0797
H.salinarum	0.0290	0.0561	0.0561	0.0290	0.0561	0.1087	0.1087	0.0561	0.0561	0.1087	0.1087	0.0561	0.0290	0.0561	0.0561	0.0290
